0 0.546875 0.6186046511627907 0.043750000000000004 0.06511627906976744
0 0.675 0.6581395348837209 0.065625 0.09302325581395349
0 0.022656250000000003 0.6674418604651162 0.045312500000000006 0.11162790697674418
0 0.11875000000000001 0.6395348837209303 0.065625 0.09302325581395349
0 0.47500000000000003 0.6848837209302325 0.07187500000000001 0.1
0 0.30000000000000004 0.6686046511627907 0.06875 0.1
0 0.7875000000000001 0.8627906976744186 0.209375 0.23255813953488372
0 0.3609375 0.9011627906976744 0.265625 0.16046511627906976
0 0.41171875 0.6395348837209303 0.0671875 0.08837209302325581
0 0.23359375000000002 0.663953488372093 0.0734375 0.1
0 0.33125000000000004 0.763953488372093 0.12187500000000001 0.1511627906976744
0 0.84296875 0.6813953488372093 0.08281250000000001 0.11162790697674418
0 0.7125 0.7244186046511628 0.1 0.1325581395348837
0 0.059375000000000004 0.7744186046511627 0.11875000000000001 0.1813953488372093
0 0.915625 0.6872093023255814 0.078125 0.10465116279069767
0 0.54609375 0.7465116279069768 0.11093750000000001 0.16744186046511628
