0 0.84 0.41492537313432837 0.05090909090909091 0.07164179104477612
0 0.3418181818181818 0.382089552238806 0.04363636363636364 0.10149253731343284
0 0.8818181818181818 0.3970149253731343 0.05090909090909091 0.06567164179104477
0 0.9318181818181818 0.40298507462686567 0.05272727272727273 0.05970149253731343
0 0.7372727272727273 0.3567164179104478 0.09272727272727273 0.08656716417910448
0 0.4 0.4044776119402985 0.08363636363636363 0.09850746268656717
0 0.2818181818181818 0.34776119402985073 0.08363636363636363 0.08656716417910448
0 0.1918181818181818 0.29701492537313434 0.07818181818181819 0.09850746268656717
0 0.19090909090909092 0.4014925373134328 0.07272727272727272 0.09850746268656717
0 0.08636363636363636 0.33432835820895523 0.07818181818181819 0.10746268656716418
