0 0.6341666666666667 0.7055137844611529 0.03833333333333334 0.047619047619047616
0 0.22666666666666668 0.713032581453634 0.02666666666666667 0.047619047619047616
0 0.7116666666666667 0.7055137844611529 0.02666666666666667 0.05263157894736842
0 0.008333333333333333 0.6967418546365914 0.016666666666666666 0.05513784461152882
0 0.2791666666666667 0.713032581453634 0.03833333333333334 0.05764411027568922
0 0.9266666666666667 0.6904761904761905 0.030000000000000002 0.047619047619047616
0 0.2016666666666667 0.7230576441102756 0.03666666666666667 0.07769423558897243
0 0.8266666666666668 0.6791979949874687 0.05333333333333334 0.08020050125313283
0 0.4416666666666667 0.3283208020050125 0.48000000000000004 0.2807017543859649
0 0.14416666666666667 0.6390977443609023 0.11166666666666668 0.12030075187969924
