0 0.5658415841584159 0.36939313984168864 0.032673267326732675 0.044854881266490766
0 0.65 0.34828496042216356 0.03861386138613861 0.044854881266490766
0 0.27970297029702973 0.3766490765171504 0.034653465346534656 0.040897097625329816
0 0.7138613861386138 0.36939313984168864 0.041584158415841586 0.06068601583113456
0 0.6698019801980198 0.3786279683377309 0.04257425742574258 0.05013192612137203
0 0.9475247524752476 0.3700527704485488 0.047524752475247525 0.06200527704485488
0 0.21782178217821782 0.35883905013192613 0.04554455445544554 0.055408970976253295
0 0.8995049504950495 0.3232189973614776 0.062376237623762376 0.06860158311345646
0 0.07772277227722772 0.3733509234828496 0.062376237623762376 0.06860158311345646
0 0.15742574257425743 0.35949868073878627 0.05148514851485149 0.059366754617414245
